***************************************************************************
**  THIS IS AN EXACT COPY OF THE ORIGINAL FILE USED FOR ACQUISITION.     **
**  THIS HEADER HAS BEEN ADDED TO IDENTIFY THIS AS A 'REFERENCE ONLY'    **
**  FILE.  IT IS MEANT ONLY FOR ARCHIVAL AND DIAGNOSTIC PURPOSES.        **
***************************************************************************

714301.44
713676.32
713051.20
712426.08
711800.95
711175.83
710550.71
709925.59
709300.47
708675.34
708050.22
707425.10
706799.98
706174.85
705549.73
704924.61
704299.49
703674.37
703049.24
702424.12
701799.00
701173.88
700548.75
699923.63
699298.51
698673.39
698048.27
697423.14
696798.02
696172.90
695547.78
694922.65
694297.53
693672.41
693047.29
692422.17
691797.04
691171.92
690546.80
689921.68
689296.55
688671.43
688046.31
687421.19
686796.07
686170.94
685545.82
684920.70
684295.58
683670.45
683045.33
682420.21
681795.09
681169.97
680544.84
679919.72
679294.60
678669.48
678044.35
677419.23
676794.11
676168.99
675543.86
674918.74
674293.62
673668.50
673043.38
672418.25
671793.13
671168.01
670542.89
669917.76
669292.64
668667.52
668042.40
667417.28
666792.15
666167.03
665541.91
664916.79
664291.66
663666.54
663041.42
662416.30
661791.18
661166.05
660540.93
659915.81
659290.69
658665.56
658040.44
657415.32
656790.20
656165.08
655539.95
654914.83
654289.71
653664.59
653039.46
652414.34
651789.22
651164.10
650538.98
649913.85
649288.73
648663.61
648038.49
647413.36
646788.24
646163.12
645538.00
644912.88
644287.75
643662.63
643037.51
642412.39
641787.26
641162.14
640537.02
639911.90
639286.78
638661.65
638036.53
637411.41
636786.29
636161.16
635536.04
634910.92
634285.80
633660.68
633035.55
632410.43
631785.31
631160.19
630535.06
629909.94
629284.82
628659.70
628034.58
627409.45
626784.33
626159.21
625534.09
624908.96
624283.84
623658.72
623033.60
622408.47
621783.35
621158.23
620533.11
619907.99
619282.86
618657.74
618032.62
617407.50
616782.37
616157.25
615532.13
614907.01
614281.89
613656.76
613031.64
612406.52
611781.40
611156.27
610531.15
609906.03
609280.91
608655.79
608030.66
607405.54
606780.42
606155.30
605530.17
604905.05
604279.93
603654.81
603029.69
602404.56
601779.44
601154.32
600529.20
599904.07
599278.95
598653.83
598028.71
597403.59
596778.46
596153.34
595528.22
594903.10
594277.97
593652.85
593027.73
592402.61
591777.49
591152.36
590527.24
589902.12
589277.00
588651.87
588026.75
587401.63
586776.51
586151.39
585526.26
584901.14
584276.02
583650.90
583025.77
582400.65
581775.53
581150.41
580525.29
579900.16
579275.04
578649.92
578024.80
577399.67
576774.55
576149.43
575524.31
574899.19
574274.06
573648.94
573023.82
572398.70
571773.57
571148.45
570523.33
569898.21
569273.08
568647.96
568022.84
567397.72
566772.60
566147.47
565522.35
564897.23
564272.11
563646.98
563021.86
562396.74
561771.62
561146.50
560521.37
559896.25
559271.13
558646.01
558020.88
557395.76
556770.64
556145.52
555520.40
554895.27
554270.15
553645.03
553019.91
552394.78
551769.66
551144.54
550519.42
549894.30
549269.17
548644.05
548018.93
547393.81
546768.68
546143.56
545518.44
544893.32
544268.20
543643.07
543017.95
542392.83
541767.71
541142.58
540517.46
539892.34
539267.22
538642.10
538016.97
537391.85
536766.73
536141.61
535516.48
534891.36
534266.24
533641.12
533016.00
532390.87
531765.75
531140.63
530515.51
529890.38
529265.26
528640.14
528015.02
527389.90
526764.77
526139.65
525514.53
524889.41
524264.28
523639.16
523014.04
522388.92
521763.80
521138.67
520513.55
519888.43
519263.31
518638.18
518013.06
517387.94
516762.82
516137.69
515512.57
514887.45
514262.33
513637.21
513012.08
512386.96
511761.84
511136.72
510511.59
509886.47
509261.35
508636.23
508011.11
507385.98
506760.86
506135.74
505510.62
504885.49
504260.37
503635.25
503010.13
502385.01
501759.88
501134.76
500509.64
499884.52
499259.39
498634.27
498009.15
497384.03
496758.91
496133.78
495508.66
494883.54
494258.42
493633.29
493008.17
492383.05
491757.93
491132.81
490507.68
489882.56
489257.44
488632.32
488007.19
487382.07
486756.95
486131.83
485506.71
484881.58
484256.46
483631.34
483006.22
482381.09
481755.97
481130.85
480505.73
479880.61
479255.48
478630.36
478005.24
477380.12
476754.99
476129.87
475504.75
474879.63
474254.51
473629.38
473004.26
472379.14
471754.02
471128.89
470503.77
469878.65
469253.53
468628.41
468003.28
467378.16
466753.04
466127.92
465502.79
464877.67
464252.55
463627.43
463002.30
462377.18
461752.06
461126.94
460501.82
459876.69
459251.57
458626.45
458001.33
457376.20
456751.08
456125.96
455500.84
454875.72
454250.59
453625.47
453000.35
452375.23
451750.10
451124.98
450499.86
449874.74
449249.62
448624.49
447999.37
447374.25
446749.13
446124.00
445498.88
444873.76
444248.64
443623.52
442998.39
442373.27
441748.15
441123.03
440497.90
439872.78
439247.66
438622.54
437997.42
437372.29
436747.17
436122.05
435496.93
434871.80
434246.68
433621.56
432996.44
432371.32
431746.19
431121.07
430495.95
429870.83
429245.70
428620.58
427995.46
427370.34
426745.22
426120.09
425494.97
424869.85
424244.73
423619.60
422994.48
422369.36
421744.24
421119.12
420493.99
419868.87
419243.75
418618.63
417993.50
417368.38
416743.26
416118.14
415493.02
414867.89
414242.77
413617.65
412992.53
412367.40
411742.28
411117.16
410492.04
409866.91
409241.79
408616.67
407991.55
407366.43
406741.30
406116.18
405491.06
404865.94
404240.81
403615.69
402990.57
402365.45
401740.33
401115.20
400490.08
399864.96
399239.84
398614.71
397989.59
397364.47
396739.35
396114.23
395489.10
394863.98
394238.86
393613.74
392988.61
392363.49
391738.37
391113.25
390488.13
389863.00
389237.88
388612.76
387987.64
387362.51
386737.39
386112.27
385487.15
384862.03
384236.90
383611.78
382986.66
382361.54
381736.41
381111.29
380486.17
379861.05
379235.93
378610.80
377985.68
377360.56
376735.44
376110.31
375485.19
374860.07
374234.95
373609.83
372984.70
372359.58
371734.46
371109.34
370484.21
369859.09
369233.97
368608.85
367983.73
367358.60
366733.48
366108.36
365483.24
364858.11
364232.99
363607.87
362982.75
362357.63
361732.50
361107.38
360482.26
359857.14
359232.01
358606.89
357981.77
357356.65
356731.52
356106.40
355481.28
354856.16
354231.04
353605.91
352980.79
352355.67
351730.55
351105.42
350480.30
349855.18
349230.06
348604.94
347979.81
347354.69
346729.57
346104.45
345479.32
344854.20
344229.08
343603.96
342978.84
342353.71
341728.59
341103.47
340478.35
339853.22
339228.10
338602.98
337977.86
337352.74
336727.61
336102.49
335477.37
334852.25
334227.12
333602.00
332976.88
332351.76
331726.64
331101.51
330476.39
329851.27
329226.15
328601.02
327975.90
327350.78
326725.66
326100.54
325475.41
324850.29
324225.17
323600.05
322974.92
322349.80
321724.68
321099.56
320474.44
319849.31
319224.19
318599.07
317973.95
317348.82
316723.70
316098.58
315473.46
314848.34
314223.21
313598.09
312972.97
312347.85
311722.72
311097.60
310472.48
309847.36
309222.24
308597.11
307971.99
307346.87
306721.75
306096.62
305471.50
304846.38
304221.26
303596.13
302971.01
302345.89
301720.77
301095.65
300470.52
299845.40
299220.28
298595.16
297970.03
297344.91
296719.79
296094.67
295469.55
294844.42
294219.30
293594.18
292969.06
292343.93
291718.81
291093.69
290468.57
289843.45
289218.32
288593.20
287968.08
287342.96
286717.83
286092.71
285467.59
284842.47
284217.35
283592.22
282967.10
282341.98
281716.86
281091.73
280466.61
279841.49
279216.37
278591.25
277966.12
277341.00
276715.88
276090.76
275465.63
274840.51
274215.39
273590.27
272965.15
272340.02
271714.90
271089.78
270464.66
269839.53
269214.41
268589.29
267964.17
267339.05
266713.92
266088.80
265463.68
264838.56
264213.43
263588.31
262963.19
262338.07
261712.95
261087.82
260462.70
259837.58
259212.46
258587.33
257962.21
257337.09
256711.97
256086.85
255461.72
254836.60
254211.48
253586.36
252961.23
252336.11
251710.99
251085.87
250460.74
249835.62
249210.50
248585.38
247960.26
247335.13
246710.01
246084.89
245459.77
244834.64
244209.52
243584.40
242959.28
242334.16
241709.03
241083.91
240458.79
239833.67
239208.54
238583.42
237958.30
237333.18
236708.06
236082.93
235457.81
234832.69
234207.57
233582.44
232957.32
232332.20
231707.08
231081.96
230456.83
229831.71
229206.59
228581.47
227956.34
227331.22
226706.10
226080.98
225455.86
224830.73
224205.61
223580.49
222955.37
222330.24
221705.12
221080.00
220454.88
219829.76
219204.63
218579.51
217954.39
217329.27
216704.14
216079.02
215453.90
214828.78
214203.66
213578.53
212953.41
212328.29
211703.17
211078.04
210452.92
209827.80
209202.68
208577.56
207952.43
207327.31
206702.19
206077.07
205451.94
204826.82
204201.70
203576.58
202951.46
202326.33
201701.21
201076.09
200450.97
199825.84
199200.72
198575.60
197950.48
197325.35
196700.23
196075.11
195449.99
194824.87
194199.74
193574.62
192949.50
192324.38
191699.25
191074.13
190449.01
189823.89
189198.77
188573.64
187948.52
187323.40
186698.28
186073.15
185448.03
184822.91
184197.79
183572.67
182947.54
182322.42
181697.30
181072.18
180447.05
179821.93
179196.81
178571.69
177946.57
177321.44
176696.32
176071.20
175446.08
174820.95
174195.83
173570.71
172945.59
172320.47
171695.34
171070.22
170445.10
169819.98
169194.85
168569.73
167944.61
167319.49
166694.37
166069.24
165444.12
164819.00
164193.88
163568.75
162943.63
162318.51
161693.39
161068.27
160443.14
159818.02
159192.90
158567.78
157942.65
157317.53
156692.41
156067.29
155442.17
154817.04
154191.92
153566.80
152941.68
152316.55
151691.43
151066.31
150441.19
149816.07
149190.94
148565.82
147940.70
147315.58
146690.45
146065.33
145440.21
144815.09
144189.96
143564.84
142939.72
142314.60
141689.48
141064.35
140439.23
139814.11
139188.99
138563.86
137938.74
137313.62
136688.50
136063.38
135438.25
134813.13
134188.01
133562.89
132937.76
132312.64
131687.52
131062.40
130437.28
129812.15
129187.03
128561.91
127936.79
127311.66
126686.54
126061.42
125436.30
124811.18
124186.05
123560.93
122935.81
122310.69
121685.56
121060.44
120435.32
119810.20
119185.08
118559.95
117934.83
117309.71
116684.59
116059.46
115434.34
114809.22
114184.10
113558.98
112933.85
112308.73
111683.61
111058.49
110433.36
109808.24
109183.12
108558.00
107932.88
107307.75
106682.63
106057.51
105432.39
104807.26
104182.14
103557.02
102931.90
102306.78
101681.65
101056.53
100431.41
99806.29
99181.16
98556.04
97930.92
97305.80
96680.68
96055.55
95430.43
94805.31
94180.19
93555.06
92929.94
92304.82
91679.70
91054.57
90429.45
89804.33
